TRAIN: [1 2 3 4 5] TEST: [0]
[ 617.  729.  923.  981. 1346.] [284.]
[271. 310. 298. 397. 439.] [113.]
27.617795695264935
['0.23x+131.377', 0.813, 0.036, 0.064, 196.761, 83.761]
TRAIN: [0 2 3 4 5] TEST: [1]
[ 284.  729.  923.  981. 1346.] [617.]
[113. 310. 298. 397. 439.] [271.]
34.151361357149185
['0.308x+48.629', 0.908, 0.012, 0.057, 238.788, 32.212]
TRAIN: [0 1 3 4 5] TEST: [2]
[ 284.  617.  923.  981. 1346.] [729.]
[113. 271. 298. 397. 439.] [310.]
33.175995712256
['0.303x+51.817', 0.915, 0.011, 0.053, 272.908, 37.092]
TRAIN: [0 1 2 4 5] TEST: [3]
[ 284.  617.  729.  981. 1346.] [923.]
[113. 271. 310. 397. 439.] [298.]
30.756099828338414
['0.307x+63.335', 0.927, 0.009, 0.05, 346.352, 48.352]
TRAIN: [0 1 2 3 5] TEST: [4]
[ 284.  617.  729.  923. 1346.] [981.]
[113. 271. 310. 298. 439.] [397.]
29.566718657995168
['0.285x+64.228', 0.919, 0.01, 0.049, 343.472, 53.528]
TRAIN: [0 1 2 3 4] TEST: [5]
[284. 617. 729. 923. 981.] [1346.]
[113. 271. 310. 298. 397.] [439.]
31.946274279480875
['0.349x+30.833', 0.881, 0.018, 0.074, 501.146, 62.146]