TRAIN: [1 2 3 4 5] TEST: [0]
[ 784.  770. 1095. 1222. 1363.] [339.]
[286. 279. 351. 406. 470.] [118.]
12.929025595895013
['0.302x+41.841', 0.968, 0.002, 0.032, 144.357, 26.357]
TRAIN: [0 2 3 4 5] TEST: [1]
[ 339.  770. 1095. 1222. 1363.] [784.]
[118. 279. 351. 406. 470.] [286.]
12.637441705302512
['0.329x+10.12', 0.989, 0.0, 0.02, 267.699, 18.301]
TRAIN: [0 1 3 4 5] TEST: [2]
[ 339.  784. 1095. 1222. 1363.] [770.]
[118. 286. 351. 406. 470.] [279.]
13.262039765695404
['0.328x+10.89', 0.988, 0.001, 0.021, 263.637, 15.363]
TRAIN: [0 1 2 4 5] TEST: [3]
[ 339.  784.  770. 1222. 1363.] [1095.]
[118. 286. 279. 406. 470.] [351.]
9.962288980897798
['0.331x+15.23', 0.993, 0.0, 0.016, 377.83, 26.83]
TRAIN: [0 1 2 3 5] TEST: [4]
[ 339.  784.  770. 1095. 1363.] [1222.]
[118. 286. 279. 351. 470.] [406.]
14.053822851879856
['0.329x+14.324', 0.985, 0.001, 0.024, 416.615, 10.615]
TRAIN: [0 1 2 3 4] TEST: [5]
[ 339.  784.  770. 1095. 1222.] [1363.]
[118. 286. 279. 351. 406.] [470.]
13.152311440900846
['0.313x+24.537', 0.982, 0.001, 0.025, 451.022, 18.978]