TRAIN: [1 2 3 4 5] TEST: [0]
[ 836.  876. 1166. 1505. 1677.] [441.]
[275. 288. 423. 457. 465.] [130.]
28.22866339690337
['0.234x+98.383', 0.884, 0.017, 0.049, 201.435, 71.435]
TRAIN: [0 2 3 4 5] TEST: [1]
[ 441.  876. 1166. 1505. 1677.] [836.]
[130. 288. 423. 457. 465.] [275.]
35.26385020535672
['0.278x+37.143', 0.924, 0.009, 0.046, 269.908, 5.092]
TRAIN: [0 1 3 4 5] TEST: [2]
[ 441.  836. 1166. 1505. 1677.] [876.]
[130. 275. 423. 457. 465.] [288.]
35.19798035840022
['0.279x+36.479', 0.926, 0.009, 0.045, 280.607, 7.393]
TRAIN: [0 1 2 4 5] TEST: [3]
[ 441.  836.  876. 1505. 1677.] [1166.]
[130. 275. 288. 457. 465.] [423.]
19.061845281577714
['0.272x+33.304', 0.977, 0.001, 0.024, 349.879, 73.121]
TRAIN: [0 1 2 3 5] TEST: [4]
[ 441.  836.  876. 1166. 1677.] [1505.]
[130. 275. 288. 423. 465.] [457.]
35.319828398632914
['0.277x+39.481', 0.912, 0.011, 0.05, 456.276, 0.724]
TRAIN: [0 1 2 3 4] TEST: [5]
[ 441.  836.  876. 1166. 1505.] [1677.]
[130. 275. 288. 423. 457.] [465.]
25.133523282131076
['0.321x+4.448', 0.954, 0.004, 0.041, 543.549, 78.549]