TRAIN: [1 2 3 4 5] TEST: [0]
[ 964. 1074. 1537. 1615. 2043.] [559.]
[297. 333. 467. 411. 478.] [149.]
28.05796249754232
['0.169x+152.74', 0.847, 0.027, 0.041, 247.205, 98.205]
TRAIN: [0 2 3 4 5] TEST: [1]
[ 559. 1074. 1537. 1615. 2043.] [964.]
[149. 333. 467. 411. 478.] [297.]
39.917156777762116
['0.225x+60.67', 0.891, 0.016, 0.045, 277.337, 19.663]
TRAIN: [0 1 3 4 5] TEST: [2]
[ 559.  964. 1537. 1615. 2043.] [1074.]
[149. 297. 467. 411. 478.] [333.]
38.39342512638337
['0.225x+57.548', 0.904, 0.013, 0.043, 299.631, 33.369]
TRAIN: [0 1 2 4 5] TEST: [3]
[ 559.  964. 1074. 1615. 2043.] [1537.]
[149. 297. 333. 411. 478.] [467.]
27.981686765239907
['0.208x+73.754', 0.937, 0.007, 0.031, 393.005, 73.995]
TRAIN: [0 1 2 3 5] TEST: [4]
[ 559.  964. 1074. 1537. 2043.] [1615.]
[149. 297. 333. 467. 478.] [411.]
39.96068535060795
['0.224x+67.639', 0.891, 0.016, 0.045, 429.963, 18.963]
TRAIN: [0 1 2 3 4] TEST: [5]
[ 559.  964. 1074. 1537. 1615.] [2043.]
[149. 297. 333. 467. 411.] [478.]
29.4608819913652
['0.269x+21.651', 0.927, 0.009, 0.044, 572.022, 94.022]