TRAIN: [1 2 3 4 5] TEST: [0]
[1109. 1136. 1702. 1666. 2037.] [683.]
[279. 294. 358. 439. 498.] [197.]
29.44156623665199
['0.22x+36.526', 0.877, 0.019, 0.048, 186.997, 10.003]
TRAIN: [0 2 3 4 5] TEST: [1]
[ 683. 1136. 1702. 1666. 2037.] [1109.]
[197. 294. 358. 439. 498.] [279.]
29.4722552383299
['0.213x+49.327', 0.923, 0.009, 0.036, 285.644, 6.644]
TRAIN: [0 1 3 4 5] TEST: [2]
[ 683. 1109. 1702. 1666. 2037.] [1136.]
[197. 279. 358. 439. 498.] [294.]
29.514927053431368
['0.216x+43.77', 0.925, 0.009, 0.035, 288.767, 5.233]
TRAIN: [0 1 2 4 5] TEST: [3]
[ 683. 1109. 1136. 1666. 2037.] [1702.]
[197. 279. 294. 439. 498.] [358.]
10.945669697578621
['0.233x+33.007', 0.99, 0.0, 0.013, 428.788, 70.788]
TRAIN: [0 1 2 3 5] TEST: [4]
[ 683. 1109. 1136. 1702. 2037.] [1666.]
[197. 279. 294. 358. 498.] [439.]
23.47837937835273
['0.204x+52.773', 0.945, 0.006, 0.028, 393.153, 45.847]
TRAIN: [0 1 2 3 4] TEST: [5]
[ 683. 1109. 1136. 1702. 1666.] [2037.]
[197. 279. 294. 358. 439.] [498.]
28.059281944369612
['0.199x+62.922', 0.88, 0.018, 0.042, 468.119, 29.881]